23002
24335
23675
26703
60125
7449
10090
53215
41909
63792
48553
19031
23876
59545
19748
43057
1491
53055
50424
10570
793
57178
53030
21585
11222
63889
16678
29490
31698
59326
41849
13472
50881
6508
62105
14937
62171
53385
65487
2871
14114
4882
20038
54794
40280
58267
4920
12528
37227
8995
13897
60958
41199
33451
7411
50645
4726
18096
28628
58151
40766
35471
22145
59608
8052
43468
17714
15145
15033
31202
640
56583
22969
54387
4588
63792
60212
24613
62667
58498
9250
39438
28250
35905
24903
27292
5111
33780
13584
25590
20255
20581
35147
31879
42805
54102
30000
19383
46199
29396
63410
41091
48915
31535
30866
40437
29751
26751
10721
18731
43719
65452
21687
52016
16629
3201
36826
18233
14051
1334
29606
32729
20411
59950
50274
5076
26024
19551
18734
39270
58670
11471
45674
36299
27740
15703
31972
62032
41505
11586
42974
37067
1095
64831
12413
35653
40669
39943
32569
56823
35160
12795
34711
27616
17337
54390
6765
42334
62327
52083
31519
45490
21689
64556
25344
41003
29460
25425
20423
43140
54600
12252
58484
5030
23681
1714
48221
29445
16468
9502
57181
17739
6419
34654
59871
48975
4185
22254
25775
57490
2090
50283
64671
16140
47647
2270
41520
36668
38279
46199
49894
7947
3134
11080
2584
36142
19883
24009
31435
34452
23722
28916
26951
20788
25625
21268
24137
15074
3279
46335
20640
31802
62114
48543
51642
57197
46102
9724
28518
8397
13371
30739
24125
61450
45006
35230
40380
7417
8429
16183
30403
32251
61119
21080
24472
45270
7132
34898
41904
60789
36366
11981
39367
46158
55173
7940
42586
27973
17425
12545
3038
52983
12188
18108
37587
42628
42309
43411
58162
56596
31555
48699
21440
11920
1687
22913
25642
15621
50540
44460
51509
39358
8084
43839
14482
6339
27811
14926
8395
43377
38467
14863
27320
57134
59046
13501
53875
62604
19906
3322
30333
2386
51054
6474
58043
38256
42973
37070
8877
63450
46746
25594
43132
56569
59697
35575
1589
11616
45413
3096
22830
50729
38576
62769
46616
27221
53900
54642
3174
60023
62075
61513
39476
14241
56536
1961
48159
751
46444
49797
20541
15683
61479
1589
1249
38561
49619
9310
21886
23182
9267
13821
3577
21240
54067
62620
26938
54733
16230
38828
3887
44813
7689
51994
47828
8540
25473
32789
24263
59144
27106
51100
32767
42138
21740
57950
53178
4376
28496
26781
177
44846
62689
45506
28011
2470
10889
11252
32659
15752
41432
64276
20288
14524
25264
14761
42783
32155
29931
30817
21494
48848
56606
24436
19642
4912
48644
35679
4489
27492
37678
12712
27748
62309
46102
48499
11273
64562
51290
15498
14563
20255
2495
7819
37563
34763
3499
53086
64886
27782
64000
7708
55379
41704
5844
4256
22385
32740
27638
50155
63546
50137
50289
47416
65367
35953
65465
32903
24602
41917
60998
2721
62037
5595
12758
10128
549
57736
18296
21062
20016
62375
17917
2094
35297
63217
11793
37538
39678
59317
21727
33377
35421
41934
22111
47313
36688
45438
44123
59906
41500
20611
2539
7085
38040
14290
44135
667
7718
35969
8475
57245
29429
2877
28253
57726
39674
47612
62920
16562
38058
62289
53148
36271
32606
11343
19537
45765
17137
29041
60316
18326
62019
31429
38898
15769
5879
9199
44271
64647
6720
36269
3695
31049
39706
48267
57286
3218
2634
63481
46681
5502
49607
52647
7158
13106
48322
33743
64118
58419
26774
2497
61341
5574
58097
29890
21527
63239
38771
45325
61130
46317
7303
59046
19823
31843
36088
53551
45034
49202
24518
56370
29729
45035
62031
43900
18377
38298
63582
1243
54179
24585
49711
3653
35681
35079
34861
64935
13877
16529
34785
44544
14558
59788
57951
54487
47739
32947
40010
37742
11387
7435
28328
58545
17147
57561
61557
33790
61742
5322
65427
44488
58394
54028
50710
57862
20545
20452
44068
13693
48208
1802
28669
58030
65092
39590
18998
37294
37288
8501
54659
8075
9999
48204
40042
46781
9938
16866
64840
31311
26025
20158
9096
20841
31059
28880
21740
277
43084
3614
51354
29217
410
63174
50316
543
39923
2148
16953
5071
40198
11675
56872
50710
32269
14160
11454
5190
296
21792
41543
30750
40525
14694
19041
2241
30410
35266
25716
39766
28089
4302
17774
30003
8837
4053
21360
3469
45928
2363
39955
20808
20460
50380
2607
65343
25236
10297
4746
29271
2974
44523
22527
31030
39147
54672
9598
26035
55236
18985
8044
90
32587
48009
31754
33543
28103
33609
50373
43128
8785
14663
17831
33469
20290
55404
9812
28456
56168
9109
50655
45194
24449
41631
33184
2066
36411
64196
3249
59059
56861
8739
64099
23594
53696
11903
65509
55962
57959
22901
45305
56760
5945
33460
26308
59296
59081
39255
30579
31545
1241
11008
40693
29049
2645
1882
15774
27499
34051
48168
65145
11132
28176
22189
15771
17693
32312
42399
44026
3712
31429
24884
52200
54671
49965
32541
58344
35680
60265
19753
28390
61549
36273
6341
13863
37938
12122
29120
35651
1229
49734
58979
17726
27327
5889
15264
33756
39594
19871
4282
62783
48858
50340
59430
42229
64696
10350
12781
50674
35741
35445
3261
37852
15017
61722
33922
18665
20133
46617
34239
17744
24619
38503
5759
16774
43222
18759
38584
44624
13623
16665
25762
548
13382
17977
48116
31779
7294
34321
39875
1761
24408
34300
60333
8626
44299
60811
41159
41924
26906
1520
52044
29074
29804
1884
59847
55606
12149
14585
43922
52576
59120
38761
9551
1803
23505
12331
62611
44082
58315
57522
42707
17292
40741
24076
2265
56144
23358
47280
37307
37200
6815
20121
36138
25986
38144
55249
50863
3015
50782
60850
28847
32395
19858
53085
43263
26560
41962
56489
1922
10677
24890
10265
60487
53851
52831
59139
2021
37762
969
28756
48316
20014
1663
56757
16554
16341
38001
27475
48819
11137
11536
65377
28024
16190
62788
10042
37976
7671
14929
39785
42002
38704
60970
31204
53924
48902
42328
52435
29630
59985
35687
18508
37121
513
55983
341
63082
14114
38904
1916
2360
15284
21886
32785
49468
13491
19557
6433
3980
58563
11021
19130
55460
28207
2767
308
34090
11079
23692
33614
35353
48989
35152
62819
18751
48491
3908
63367
21533
15730
7178
61983
38767
62455
57274
37550
54071
59593
59489
21629
13433
43280
57438
15754
235
48481
43844
62292
17459
